"","year","state","total_votes","dem","rep","other","Margin"
"1",2000,"AK",285560,0.276663398235047,0.586209553158706,0.133387028995658,30.9546154923659
"2",2000,"AL",1666272,0.415665029478981,0.564837553532677,0.0190779176508997,14.9172524053696
"3",2000,"AR",921781,0.45864256260435,0.513071976966329,0.0282854604293211,5.44294143619797
"4",2000,"AZ",1532016,0.447345850173889,0.51021138160437,0.0423709674050402,6.28655314304811
"5",2000,"CA",10965822,0.534497368277545,0.416514968052555,0.0489876636699009,-11.798240022499
"6",2000,"CO",1741368,0.423935090113061,0.507502147736722,0.0685627621502175,8.35670576236615
"7",2000,"CT",1459525,0.559096281324403,0.384436032270773,0.0564306880663229,-17.466024905363
"8",2000,"DC",201894,0.851550813793377,0.0895172714394682,0.0562621969944624,-76.2033542353908
"9",2000,"DE",327529,0.549777271630909,0.419162883286671,0.0310598450824202,-13.0614388344238
"10",2000,"FL",5963110,0.488378212040361,0.488468265720404,0.0231468143301063,0.00900536800428342
"11",2000,"GA",2583208,0.432109996562414,0.549595696513792,0.018294306923794,11.7485699951378
"12",2000,"HI",367951,0.557916679123035,0.374628686971907,0.067454633905058,-18.3287992151129
"13",2000,"IA",1353022,0.471919155786085,0.468856382231775,0.0592244619821407,-0.306277355431028
"14",2000,"ID",501615,0.276381288438344,0.671704394804781,0.0274094674202326,39.5323106366437
"15",2000,"IL",4742108,0.545965212095549,0.425848799732102,0.0281762878449837,-12.0116412363447
"16",2000,"IN",2199302,0.41012102930839,0.566468816015263,0.0147724141568552,15.6347786706873
"17",2000,"KS",1072216,0.372383922642453,0.580416632469577,0.0471994448879703,20.8032709827124
"18",2000,"KY",1544106,0.413781825859106,0.565064833631888,0.0211015305944022,15.1283007772782
"19",2000,"LA",1765656,0.448753324543399,0.525510631742537,0.0257360437140643,7.67573071991374
"20",2000,"MA",2733964,0.591261260206791,0.32132902993602,0.087409709857189,-26.9932230270772
"21",2000,"MD",2025212,0.564883083845049,0.401847806550623,0.032451417431854,-16.3035277294426
"22",2000,"ME",651817,0.49086016473949,0.439718509949879,0.0694213253106317,-5.11416547896112
"23",2000,"MI",4232501,0.512797988706914,0.461462147321406,0.0253025338918998,-5.13358413855071
"24",2000,"MN",2438685,0.479055720603522,0.455023506520932,0.0659092912778813,-2.40322140825896
"25",2000,"MO",2359892,0.470842733481024,0.504228159593744,0.0249291069252322,3.33854261127204
"26",2000,"MS",994184,0.406981001504752,0.576195150998206,0.0168238474970428,16.9214149493454
"27",2000,"MT",410986,0.333651267926401,0.584394602249225,0.0819541298243736,25.0743334322824
"28",2000,"NC",2914990,0.431456711686833,0.559577562873286,0.00896572543988144,12.8120851186453
"29",2000,"ND",288256,0.330553396980462,0.606585812611012,0.0628607904085258,27.6032415630551
"30",2000,"NE",697009,0.332535160952011,0.622462550698771,0.0450166353662578,28.9927389746761
"31",2000,"NH",569081,0.468031791607873,0.480703098504431,0.0490228983220315,1.26713068965578
"32",2000,"NJ",3187226,0.561256089150879,0.4029124385908,0.0358314722583212,-15.834365056008
"33",2000,"NM",598605,0.479085540548442,0.478474118993326,0.0424403404582321,-0.0611421555115621
"34",2000,"NV",609426,0.459412627620088,0.494850892479153,0.0457364799007591,3.54382648590641
"35",2000,"NY",6960215,0.590168119806644,0.345301689674816,0.0645299031710946,-24.4866430131828
"36",2000,"OH",4701998,0.464404280903565,0.499864738351654,0.0357309807447813,3.54604574480891
"37",2000,"OK",1234229,0.384269045695734,0.603078521084823,0.0126524332194431,21.8809475389089
"38",2000,"OR",1533950,0.469599400241207,0.465189217379967,0.0652113823788259,-0.441018286124056
"39",2000,"PA",4912185,0.506081713127661,0.464381329286254,0.0295369575860844,-4.17003838414067
"40",2000,"RI",409112,0.609877001896791,0.319117992139072,0.0702008252019007,-29.0759009757719
"41",2000,"SC",1383902,0.409015233737649,0.568603846226106,0.0223809200362453,15.9588612488457
"42",2000,"SD",316269,0.375642253904113,0.602967726840127,0.0213900192557601,22.7325472936013
"43",2000,"TN",2076181,0.472848947177534,0.51149153180768,0.0154533732848918,3.86425846301455
"44",2000,"TX",6407637,0.37981958091571,0.592985994681035,0.027084555507748,21.3166413765324
"45",2000,"UT",770754,0.263447221811369,0.668301429509286,0.0682500512485177,40.4854207697917
"46",2000,"VA",2739447,0.444356105447559,0.52473729186949,0.0298819433265181,8.03811864219312
"47",2000,"VT",294308,0.506347092161953,0.406971607975318,0.0849348301779089,-9.93754841866344
"48",2000,"WA",2487433,0.501582153167543,0.445786479475025,0.0526313673574323,-5.57956736925176
"49",2000,"WI",2598607,0.478328196606874,0.476131635141443,0.0455401682516825,-0.219656146543129
"50",2000,"WV",648124,0.455926643666953,0.51915219927051,0.0248841271114787,6.32255556035573
"51",2000,"WY",213726,0.282983820405566,0.692227431384109,0.0247887482103254,40.9243610978543
"52",2004,"AK",312598,0.355168619121044,0.610653299125394,0.031650874285824,25.5484680004351
"53",2004,"AL",1883415,0.368444023223772,0.624606897577008,0.00647228571504422,25.6162874353236
"54",2004,"AR",1054945,0.445476304451891,0.543059590784354,0.0114641047637555,9.75832863324629
"55",2004,"AZ",2012585,0.443968329287956,0.548694340860138,0.00589093131470224,10.4726011572182
"56",2004,"CA",12421353,0.543055575346744,0.443576959772418,0.0116885817511184,-9.94786155743259
"57",2004,"CO",2129630,0.470378422542883,0.517110953545921,0.0125106239111958,4.6732531003038
"58",2004,"CT",1578769,0.543137089719902,0.43947277910828,0.0173825303131744,-10.3664310611622
"59",2004,"DC",227586,0.891838689550324,0.09339766066454,0.0125403144305889,-79.8441028885784
"60",2004,"DE",375190,0.533468376022815,0.457528185719236,0.00900343825794931,-7.59401903035796
"61",2004,"FL",7609810,0.470911100277142,0.520975162323369,0.00811373739948829,5.00640620462272
"62",2004,"GA",3301875,0.413749460533788,0.579747567669885,0.00556865417376491,16.5998107136097
"63",2004,"HI",429013,0.540095521580931,0.452645957115519,0.00725852130355024,-8.74495644654125
"64",2004,"IA",1506908,0.49233131684217,0.499006575053022,0.00793611819699677,0.667525821085296
"65",2004,"ID",598376,0.302649170421274,0.683909448239903,0.0134413813388237,38.1260277818629
"66",2004,"IL",5274322,0.548231602090278,0.444786268263485,0.00615093276443873,-10.3445333826793
"67",2004,"IN",2468002,0.392629746653366,0.599447650366572,0.00731684982427081,20.6817903713206
"68",2004,"KS",1187756,0.366230943055644,0.620039806155473,0.0136896803720629,25.3808863099829
"69",2004,"KY",1795882,0.396870729814097,0.595495138322006,0.00762188161582999,19.8624408507909
"70",2004,"LA",1943106,0.422158647032123,0.5672202134109,0.0106211395569773,14.5061566378777
"71",2004,"MA",2927455,0.616166602048537,0.365884018712499,0.0163076802205329,-25.0282583336038
"72",2004,"MD",2384238,0.55971467613552,0.429782177785943,0.010485949808702,-12.9932498349578
"73",2004,"ME",740752,0.535728556925935,0.445764574378469,0.0185068686955958,-8.99639825474652
"74",2004,"MI",4839252,0.512307067290565,0.478120585578102,0.00957234713133352,-3.4186481712463
"75",2004,"MN",2828387,0.510896846860065,0.476135337915215,0.0120726053400755,-3.47615089448509
"76",2004,"MO",2731364,0.461004465168319,0.532961919392655,0.00555985946948118,7.19574542243363
"77",2004,"MS",1139824,0.401611125928213,0.590143741489914,0.00824513258187229,18.8532615561701
"78",2004,"MT",450434,0.38565028394837,0.590681431685885,0.023668284365745,20.5031147737515
"79",2004,"NC",3501007,0.435831462205017,0.560171973377945,0.00335075022700612,12.4340511172928
"80",2004,"ND",312833,0.354988124654368,0.628613349614651,0.0163697563875934,27.3625224960282
"81",2004,"NE",778186,0.326821608201638,0.658986411988908,0.0129956077338837,33.2164803787269
"82",2004,"NH",678287,0.502016108225574,0.488343429846068,0.00821776032859247,-1.3672678379506
"83",2004,"NJ",3611691,0.529234090070275,0.462388116812872,0.00837779311685302,-6.68459732574022
"84",2004,"NM",756304,0.490466796420487,0.498384247604138,0.011148955975375,0.7917451183651
"85",2004,"NV",829587,0.47878040518957,0.504696915453111,0.0165226793573188,2.59165102635408
"86",2004,"NY",7448266,0.579232803984176,0.397752577579802,0.0229738035671658,-18.1480226404374
"87",2004,"OH",5627903,0.487066852431536,0.508140243355296,0.00472929259797122,2.10733909237597
"88",2004,"OK",1463758,0.344295983352439,0.655704016647561,NA,31.1408033295121
"89",2004,"OR",1836782,0.513486630422119,0.471929167424332,0.014584202153549,-4.15574629977864
"90",2004,"PA",5769590,0.509238091441506,0.484236661530542,0.00606490235874646,-2.50014299109642
"91",2004,"RI",437134,0.59423426226283,0.386714371336936,0.0190513664002343,-20.7519890925895
"92",2004,"SC",1617700,0.409018359399147,0.579819496816468,0.0111621437843852,17.0801137417321
"93",2004,"SD",388215,0.384436459178548,0.599111317182489,0.0164522236389629,21.4674858003941
"94",2004,"TN",2437319,0.425252911087962,0.567990894913633,0.00674019281021483,14.2737983825671
"95",2004,"TX",7410749,0.382242604627413,0.610858227690615,0.00523388391645703,22.8615623063202
"96",2004,"UT",927844,0.259956415087019,0.715359478533029,0.0246377623824695,45.540306344601
"97",2004,"VA",3195415,0.455259176038167,0.537319565690216,0.00663231536435799,8.20603896520484
"98",2004,"VT",312309,0.589374625771271,0.388013153639504,0.0195479477056377,-20.1361472131767
"99",2004,"WA",2859084,0.528211483118369,0.456402819924144,0.0153856969574871,-7.18086631942259
"100",2004,"WI",2997007,0.496997170844112,0.49319871458425,0.00980411457163764,-0.379845625986192
"101",2004,"WV",755792,0.432051410970214,0.560707178694667,0.00723479475834621,12.8655767724453
"102",2004,"WY",243861,0.290230910231648,0.687395688527481,0.0204050668208529,39.7164778295832
"103",2008,"AK",326197,0.378893735993893,0.594245195388063,0.0215575250538785,21.535145939417
"104",2008,"AL",2099819,0.387404342945749,0.603169130291706,0.00766208897052555,21.5764787345957
"105",2008,"AR",1086617,0.388646597651242,0.587159044999296,0.0241943573494617,19.8512447348054
"106",2008,"AZ",2293475,0.451152508747643,0.536352478226272,0.0118867657157806,8.51999694786296
"107",2008,"CA",13561900,0.610126383471343,0.369548588324645,0.0188329068935769,-24.0577795146698
"108",2008,"CO",2401361,0.536602368406916,0.447075221093372,0.0163224104997125,-8.95271473135443
"109",2008,"CT",1646792,0.605888296761218,0.382214633056269,0.0116359564535169,-22.3673663704949
"110",2008,"DC",265853,0.924571097561434,0.0653255746596803,0.00582276671694508,-85.9245522901754
"111",2008,"DE",412412,0.619426689815039,0.369470335489753,0.0111029746952077,-24.9956354325286
"112",2008,"FL",8390744,0.510333052706649,0.482153191659762,0.00746715666691774,-2.81798610468869
"113",2008,"GA",3924486,0.469901790960651,0.522045179929295,0.00732095871918004,5.21433889686446
"114",2008,"HI",456064,0.714529101178782,0.264362019365703,0.021108879455515,-45.0167081813079
"115",2008,"IA",1537123,0.539280200738653,0.443932593553021,0.0124043423981035,-9.53476071856319
"116",2008,"ID",655122,0.360909876328379,0.615170914730386,0.0237818299492308,25.4261038402008
"117",2008,"IL",5522371,0.619181145200132,0.367809225421472,0.0130076374803504,-25.137191977866
"118",2008,"IN",2751054,0.499459116396843,0.489139071788485,0.0106348330494421,-1.03200446083574
"119",2008,"KS",1235872,0.416519671940136,0.566122543434919,0.017357784624945,14.9602871494783
"120",2008,"KY",1826620,0.411681137839288,0.573990211428759,0.0142673352968871,16.2309073589471
"121",2008,"LA",1960761,0.399329138023451,0.585627213107564,0.0150436488689851,18.6298075084113
"122",2008,"MA",3102995,0.613631991028023,0.357349592893318,0.0290184160786595,-25.6282398134705
"123",2008,"MD",2631596,0.619193447626459,0.364745196451127,0.0125634785886587,-25.4448251175332
"124",2008,"ME",731163,0.57705737297976,0.403840183379082,0.019102443641158,-17.3217189600677
"125",2008,"MI",5001596,0.574332473074595,0.409597056619527,0.0160704703058784,-16.4735416455067
"126",2008,"MN",2910369,0.540602926982798,0.438229310441391,0.0178936073054654,-10.2373616541408
"127",2008,"MO",2925205,0.492926478657051,0.494260744118788,0.0127854287135432,0.133426546173687
"128",2008,"MS",1289865,0.430015544262384,0.561761889810174,0.00822256592744202,13.174634554779
"129",2008,"MT",490109,0.472684647700818,0.495324509445858,0.0319908428533245,2.26398617450404
"130",2008,"NC",4310851,0.497036663990474,0.493747986186486,0.00596680330635413,-0.328867780398812
"131",2008,"ND",316621,0.446205400147179,0.53250100277619,0.021293597076631,8.62956026290107
"132",2008,"NE",801281,0.415982657769247,0.565318533697916,0.015158227887595,14.9335875928669
"133",2008,"NH",710970,0.541268970561346,0.445214284709622,0.00879221345485745,-9.60546858517238
"134",2008,"NJ",3868237,0.57272137151886,0.417039338592749,0.010239289888391,-15.5682032926111
"135",2008,"NM",830158,0.569074802627934,0.417790348343327,0.0131348490287391,-15.1284454284606
"136",2008,"NV",967848,0.551466759243187,0.426541151089841,0.0219920896669725,-12.4925608153346
"137",2008,"NY",7722019,0.622239468719256,0.356483323856105,0.021186298557411,-26.575614486315
"138",2008,"OH",5708350,0.515042700605254,0.469105783632749,0.0157623481391295,-4.59369169725052
"139",2008,"OK",1462661,0.343549188773065,0.656450811226935,NA,31.290162245387
"140",2008,"OR",1827864,0.567488062569206,0.404009816922922,0.0285021205078715,-16.3478245646284
"141",2008,"PA",6013272,0.544855280120374,0.441670524799144,0.0118186903901902,-10.3184755321229
"142",2008,"RI",471766,0.628640046124562,0.350578464747354,0.0165442189560079,-27.8061581377208
"143",2008,"SC",1920969,0.448965600173662,0.538736439786379,0.012297960039959,8.97708396127163
"144",2008,"SD",381975,0.447474311146017,0.531589763727993,0.0209359251259899,8.41154525819753
"145",2008,"TN",2599749,0.41828538062713,0.568969542828942,0.0127450765439279,15.0684162201813
"146",2008,"TX",8077795,0.436831214458896,0.554523604523264,0.00694694529880989,11.7692390064368
"147",2008,"UT",952370,0.344057456660752,0.625838697145017,0.0300702458078268,28.1781240484266
"148",2008,"VA",3723260,0.526294698731757,0.463305006902553,0.00869345680935524,-6.29896918292034
"149",2008,"VT",325046,0.674556831956092,0.304492287245498,0.0164469028998972,-37.0064544710595
"150",2008,"WA",3036878,0.576528922136484,0.404763049421149,0.0187080284423675,-17.1765872715335
"151",2008,"WI",2983417,0.562177865179423,0.423136624883481,0.0146855099370956,-13.9041240295943
"152",2008,"WV",713451,0.425897503822968,0.557103431069548,0.0168743193295685,13.120592724658
"153",2008,"WY",254904,0.325094937702037,0.647137745974955,0.021800364058626,32.2042808272918
"154",2012,"AK",300495,0.408126591124644,0.548015773972945,0.0343067272333982,13.98891828483
"155",2012,"AL",2074338,0.383590330987525,0.605458223298228,0.00901781676853049,22.1867892310703
"156",2012,"AR",1069468,0.368789903017201,0.605669360841091,0.0255407361417078,23.687945782389
"157",2012,"AZ",2299254,0.445897669417994,0.536545331659747,0.0173604134210487,9.06476622417532
"158",2012,"CA",13038547,0.602389591416896,0.371203785207048,0.024623525918954,-23.1185806209848
"159",2012,"CO",2569516,0.514922265516152,0.46127091639048,0.0238068180933686,-5.36513491256719
"160",2012,"CT",1558204,0.580850132588544,0.40745114246915,0.0111095851377612,-17.3398990119394
"161",2012,"DC",293764,0.909131139281873,0.0727829141760052,0.0154579866831879,-83.6348225105867
"162",2012,"DE",413890,0.586107419845853,0.399826040735461,0.0140665394186861,-18.6281379110392
"163",2012,"FL",8474179,0.500078650686987,0.491309777619755,0.00860626144432399,-0.876887306723162
"164",2012,"GA",3897839,0.455079596668821,0.533292421775245,0.0116279815559339,7.82128251064243
"165",2012,"HI",437159,0.701479324456319,0.276821476853959,0.0216991986897216,-42.465784760236
"166",2012,"IA",1582180,0.519880165341491,0.461778685105361,0.0136375127987966,-5.81014802361299
"167",2012,"ID",652274,0.326223335592098,0.645297834958928,0.0284788294489739,31.9074499366831
"168",2012,"IL",5242014,0.576021353624771,0.407327412708169,0.0164919437452857,-16.8693940916602
"169",2012,"IN",2624534,0.439273029040584,0.541255323802245,0.019093294276241,10.1982294761661
"170",2012,"KS",1159971,0.37994570553919,0.597113203692161,0.0219600317594147,21.7167498152971
"171",2012,"KY",1797212,0.378013278344458,0.604931415993216,0.0168438670563072,22.6918137648758
"172",2012,"LA",1994065,0.405774636233022,0.577845757284743,0.016379606482236,17.2071121051721
"173",2012,"MA",3184196,0.603383083202165,0.373191223153349,0.0234256936444867,-23.0191860048816
"174",2012,"MD",2707327,0.619741907793185,0.358977323389454,0.0174729539505202,-26.0764584403731
"175",2012,"ME",724758,0.553710341934825,0.403273920398257,0.0400809649565786,-15.0436421536568
"176",2012,"MI",4730961,0.542082042105188,0.447109160274202,0.00912351634266273,-9.49728818309853
"177",2012,"MN",2936561,0.526523031532463,0.449582011066686,0.0202713309888676,-7.69410204657761
"178",2012,"MO",2757323,0.443834835454533,0.537637411358771,0.0185277531866959,9.38025759042376
"179",2012,"MS",1285584,0.437893595439893,0.552858467435811,0.00924793712429526,11.4964871995918
"180",2012,"MT",484048,0.416981373748058,0.553515353849205,0.0292636267477606,13.6533980101147
"181",2012,"NC",4505372,0.483509685770676,0.503930641021429,0.00988042718781046,2.04209552507539
"182",2012,"ND",321932,0.388175142576693,0.584968254165476,0.0210789856242933,19.6793111588783
"183",2012,"NE",794379,0.38027314417929,0.59803192179048,0.0170158073161551,21.7758777611191
"184",2012,"NH",710972,0.51979684150712,0.464037964926889,0.0137769138587736,-5.5758876580231
"185",2012,"NJ",3638499,0.583423549106376,0.406235648271444,0.0103408026221802,-17.7187900834932
"186",2012,"NM",783758,0.529927605204668,0.428433266390901,0.041639128404431,-10.1494338813766
"187",2012,"NV",1014918,0.523562494704006,0.456753156412636,0.0196843488833581,-6.68093382913693
"188",2012,"NY",7116784,0.628355588704111,0.349235272561314,0.022360942807875,-27.9120316142797
"189",2012,"OH",5580822,0.506667476583199,0.476884408784226,0.0164289418297161,-2.9783067798973
"190",2012,"OK",1334872,0.332276802569834,0.667723197430166,NA,33.5446394860331
"191",2012,"OR",1789270,0.54239326652769,0.421498711765133,0.0361080217071767,-12.0894554762557
"192",2012,"PA",5742040,0.520768577021407,0.466808660336744,0.0124227626418485,-5.39599166846625
"193",2012,"RI",446049,0.627009588632639,0.35243661570814,0.01745772325462,-27.4572972924499
"194",2012,"SC",1964118,0.440880334073615,0.545611312558614,0.0135083533677712,10.4730978484999
"195",2012,"SD",363815,0.398661407583525,0.578893118755411,0.022445473661064,18.0231711171887
"196",2012,"TN",2458577,0.390758149937952,0.594787147199376,0.0144547028626722,20.4028997261424
"197",2012,"TX",7993851,0.413833582837609,0.571669774680564,0.0141655129674046,15.7836191842955
"198",2012,"UT",1017440,0.247496658279604,0.727905331026891,0.024559679194842,48.0408672747287
"199",2012,"VA",3854489,0.511564567962186,0.472831028963891,0.01372451705012,-3.87335389982952
"200",2012,"VT",299290,0.665705503023823,0.309726352367269,0.0177419893748538,-35.5979150656554
"201",2012,"WA",3125516,0.561633982996728,0.412946214321091,0.0254198026821811,-14.8687768675636
"202",2012,"WI",3071434,0.527761625351546,0.459383467136198,0.0128549075122565,-6.83781582153483
"203",2012,"WV",670438,0.355393041563873,0.622958424194333,0.0216485342417942,26.7565382630459
"204",2012,"WY",250701,0.276369061152528,0.681935851871353,0.0335778477150071,40.5566790718824
"205",2016,"AK",318608,0.36550871290112,0.512815120775373,0.0927974187716567,14.7306407874253
"206",2016,"AL",2123372,0.343579457579736,0.620830923644091,0.0253643732704397,27.7251466064354
"207",2016,"AR",1130635,0.336531241293609,0.605741021638283,0.0577277370681077,26.9209780344674
"208",2016,"AZ",2573165,0.451260218446932,0.48671616472321,0.0546688611107333,3.54559462762784
"209",2016,"CA",14181595,0.617263996045579,0.316171065384394,0.0580511571512231,-30.1092930661184
"210",2016,"CO",2780220,0.481569803828474,0.43251397371431,0.0859162224572156,-4.90558301141636
"211",2016,"CT",1644920,0.545663010967099,0.409269143788148,0.0434774943462296,-13.6393867178951
"212",2016,"DC",312575,0.904838838678717,0.0407038310805407,0.0334991602015516,-86.4135007598176
"213",2016,"DE",441590,0.533533368056342,0.419228243393193,0.0472383885504654,-11.4305124663149
"214",2016,"FL",9420039,0.478233158058051,0.490219414165907,0.0315311858050694,1.19862561078569
"215",2016,"GA",4114732,0.456399833573608,0.50771326054771,0.0304530161381106,5.13134269741018
"216",2016,"HI",437664,0.60980798055129,0.294397071726256,0.0957949477224538,-31.5410908825035
"217",2016,"IA",1565580,0.417525134454962,0.511620613446774,0.0595191558400082,9.40954789918113
"218",2016,"ID",690255,0.274920138209792,0.592614323691969,0.132465538098239,31.7694185482177
"219",2016,"IL",5536424,0.558253666987933,0.387617530738253,0.0517297808115852,-17.063613624968
"220",2016,"IN",2734958,0.37774839686752,0.569400334484113,0.0489927084803496,19.1651937616592
"221",2016,"KS",1184402,0.360523707322345,0.566545818058396,0.0666260273116729,20.6022110736051
"222",2016,"KY",1924149,0.326821883336478,0.625196385519001,0.0475914287303114,29.8374502182523
"223",2016,"LA",2029032,0.38449566098514,0.580886846535688,0.0346174924791723,19.6391185550548
"224",2016,"MA",3378821,0.590500650966713,0.322862027908552,0.0858115893088151,-26.7638623058161
"225",2016,"MD",2781446,0.603257442351928,0.339093047285477,0.0415431397913172,-26.4164395066451
"226",2016,"ME",771892,0.46345214097309,0.434766780844989,0.101781078181922,-2.86853601281009
"227",2016,"MI",4799284,0.472745309508668,0.474975642199961,0.05041314496079,0.223033269129308
"228",2016,"MN",2944782,0.46445033961767,0.449251931042773,0.0770450919626648,-1.51984085748962
"229",2016,"MO",2808605,0.381352308352367,0.567723478381617,0.0483763291740918,18.6371170029249
"230",2016,"MS",1209357,0.401147882717841,0.579410380888356,0.0194417363938027,17.8262498170515
"231",2016,"MT",494526,0.359352187751503,0.564661918685772,0.0759858935627247,20.5309730934268
"232",2016,"NC",4741564,0.461728661682095,0.498280946961804,0.0274436873571674,3.65522852797094
"233",2016,"ND",344360,0.27226739458706,0.629556278313393,0.0971192937623417,35.7288883726333
"234",2016,"NE",844227,0.336987563771355,0.587473511271258,0.056526266039821,25.0485947499902
"235",2016,"NH",744296,0.468262626696906,0.464586669819534,0.0509891226071348,-0.367595687737138
"236",2016,"NJ",3874046,0.554530844496942,0.413503866500295,0.0319652890027635,-14.1026977996647
"237",2016,"NM",798319,0.482556471786341,0.400425143332427,0.117018384881232,-8.21313284539138
"238",2016,"NV",1125385,0.47917823678119,0.455006953176024,0.0658148100427854,-2.41712836051662
"239",2016,"NY",7802084,0.583962438753543,0.361382164047452,0.053012759155118,-22.2580274706091
"240",2016,"OH",5496487,0.4355807627672,0.516876506757862,0.0445746528646388,8.12957439906617
"241",2016,"OK",1452992,0.289316802845439,0.653228648196274,0.0574545489582875,36.3911845350835
"242",2016,"OR",2001336,0.500718520028621,0.390940351844968,0.108341128126412,-10.9778168183653
"243",2016,"PA",6115402,0.478536161645629,0.48577885803746,0.0356849803169113,0.724269639183167
"244",2016,"RI",464144,0.544066065703747,0.388980574993967,0.0466169981729808,-15.508549070978
"245",2016,"SC",2103027,0.406734197896651,0.549393326856954,0.0438724752463948,14.2659128960303
"246",2016,"SD",370093,0.31737428159949,0.615307503789588,0.0673182146109221,29.7933222190098
"247",2016,"TN",2508027,0.347163327986501,0.607220336942146,0.0401183878801943,26.0057008955645
"248",2016,"TX",8969226,0.43235257981012,0.522346855793354,0.0395853555256607,8.99942759832342
"249",2016,"UT",1131317,0.27461268592269,0.455408165881004,0.269979148196306,18.0795479958314
"250",2016,"VA",3982752,0.497513528334177,0.44427647013924,0.0502079968825576,-5.32370581949365
"251",2016,"VT",320467,0.557227421232139,0.297593824013081,0.073723659534367,-25.9633597219058
"252",2016,"WA",3317019,0.525386800618266,0.368326801866375,0.0737858299877088,-15.7059998751891
"253",2016,"WI",2976150,0.464538413722427,0.472181845673101,0.0591179880046369,0.764343195067457
"254",2016,"WV",713051,0.264769280177715,0.686305748116194,0.0489249717060911,42.1536467938478
"255",2016,"WY",258788,0.21628900876393,0.673984110546084,0.083048673045118,45.7695101782154
